train 1 0.11 0.22 0.33 0.44 0.55 0.7 1615959594572
train 1 0.11 0.22 0.33 0.44 0.55 0.71 1615959599572
train 1 0.11 0.22 0.33 0.44 0.55 0.72 1615959604572
train 1 0.11 0.22 0.33 0.44 0.55 0.73 1615959609572
train 1 0.11 0.22 0.33 0.44 0.55 0.74 1615959614572
train 1 0.11 0.22 0.33 0.44 0.55 0.75 1615959619572
train 1 0.11 0.22 0.33 0.44 0.55 0.76 1615959624572
train 1 0.11 0.22 0.33 0.44 0.55 0.77 1615959629572
train 1 0.11 0.22 0.33 0.44 0.55 0.78 1615959634572
train 1 0.11 0.22 0.33 0.44 0.55 0.79 1615959639572
train 1 0.11 0.22 0.33 0.44 0.55 0.8 1615959644572
train 1 0.11 0.22 0.33 0.44 0.55 0.81 1615959649572
train 1 0.11 0.22 0.33 0.44 0.55 0.82 1615959654572
train 1 0.11 0.22 0.33 0.44 0.55 0.83 1615959659572
train 1 0.11 0.22 0.33 0.44 0.55 0.84 1615959664572
train 1 0.11 0.22 0.33 0.44 0.55 0.85 1615959669572
train 1 0.11 0.22 0.33 0.44 0.55 0.86 1615959674572
train 1 0.11 0.22 0.33 0.44 0.55 0.87 1615959679572
train 1 0.11 0.22 0.33 0.44 0.55 0.88 1615959684572
train 1 0.11 0.22 0.33 0.44 0.55 0.89 1615959689572
train 1 0.11 0.22 0.33 0.44 0.55 0.9 1615959694572
train 1 0.11 0.22 0.33 0.44 0.55 0.91 1615959699572
train 1 0.11 0.22 0.33 0.44 0.55 0.92 1615959704572
train 1 0.11 0.22 0.33 0.44 0.55 0.93 1615959709572
train 1 0.11 0.22 0.33 0.44 0.55 0.94 1615959714572
train 1 0.11 0.22 0.33 0.44 0.55 0.95 1615959719572
train 1 0.11 0.22 0.33 0.44 0.55 0.96 1615959724572
train 1 0.11 0.22 0.33 0.44 0.55 0.97 1615959729572
train 1 0.11 0.22 0.33 0.44 0.55 0.98 1615959734572
train 1 0.11 0.22 0.33 0.44 0.55 0.99 1615959739572
train 1 0.11 0.22 0.33 0.44 0.55 1.0 1615959744572
train 1 0.11 0.22 0.33 0.44 0.55 1.01 1615959749572
train 1 0.11 0.22 0.33 0.44 0.55 1.02 1615959754572
train 1 0.11 0.22 0.33 0.44 0.55 1.03 1615959759572
train 1 0.11 0.22 0.33 0.44 0.55 1.04 1615959764572
train -1 0.11 0.22 0.33 0.44 0.55 1.05 1615959769572
train -1 0.11 0.22 0.33 0.44 0.55 1.06 1615959774572
train -1 0.11 0.22 0.33 0.44 0.55 1.07 1615959779572
train -1 0.11 0.22 0.33 0.44 0.55 1.08 1615959784572
train -1 0.11 0.22 0.33 0.44 0.55 1.09 1615959789572
train -1 0.11 0.22 0.33 0.44 0.55 1.1 1615959794572
train -1 0.11 0.22 0.33 0.44 0.55 1.11 1615959799572
train -1 0.11 0.22 0.33 0.44 0.55 1.12 1615959804572
train -1 0.11 0.22 0.33 0.44 0.55 1.13 1615959809572
train -1 0.11 0.22 0.33 0.44 0.55 1.14 1615959814572
train -1 0.11 0.22 0.33 0.44 0.55 1.15 1615959819572
train -1 0.11 0.22 0.33 0.44 0.55 1.16 1615959824572
train -1 0.11 0.22 0.33 0.44 0.55 1.17 1615959829572
train -1 0.11 0.22 0.33 0.44 0.55 1.18 1615959834572
train -1 0.11 0.22 0.33 0.44 0.55 1.19 1615959839572
train -1 0.11 0.22 0.33 0.44 0.55 1.2 1615959844572
train -1 0.11 0.22 0.33 0.44 0.55 1.21 1615959849572
train -1 0.11 0.22 0.33 0.44 0.55 1.22 1615959854572
train -1 0.11 0.22 0.33 0.44 0.55 1.23 1615959859572
train -1 0.11 0.22 0.33 0.44 0.55 1.24 1615959864572
train -1 0.11 0.22 0.33 0.44 0.55 1.25 1615959869572
train -1 0.11 0.22 0.33 0.44 0.55 1.26 1615959874572
train -1 0.11 0.22 0.33 0.44 0.55 1.27 1615959879572
train -1 0.11 0.22 0.33 0.44 0.55 1.28 1615959884572
train -1 0.11 0.22 0.33 0.44 0.55 1.29 1615959889572
train -1 0.11 0.22 0.33 0.44 0.55 1.3 1615959894572
train -1 0.11 0.22 0.33 0.44 0.55 1.31 1615959899572
train -1 0.11 0.22 0.33 0.44 0.55 1.32 1615959904572
train -1 0.11 0.22 0.33 0.44 0.55 1.33 1615959909572
train -1 0.11 0.22 0.33 0.44 0.55 1.34 1615959914572
train -1 0.11 0.22 0.33 0.44 0.55 1.35 1615959919572
train -1 0.11 0.22 0.33 0.44 0.55 1.36 1615959924572
train -1 0.11 0.22 0.33 0.44 0.55 1.37 1615959929572
train -1 0.11 0.22 0.33 0.44 0.55 1.38 1615959934572
train -1 0.11 0.22 0.33 0.44 0.55 1.39 1615959939572
train -1 0.11 0.22 0.33 0.44 0.55 1.4 1615959944572
train -1 0.11 0.22 0.33 0.44 0.55 1.41 1615959949572
train -1 0.11 0.22 0.33 0.44 0.55 1.42 1615959954572
train -1 0.11 0.22 0.33 0.44 0.55 1.43 1615959959572
train -1 0.11 0.22 0.33 0.44 0.55 1.44 1615959964572
train -1 0.11 0.22 0.33 0.44 0.55 1.45 1615959969572
train -1 0.11 0.22 0.33 0.44 0.55 1.46 1615959974572
train -1 0.11 0.22 0.33 0.44 0.55 1.47 1615959979572
train -1 0.11 0.22 0.33 0.44 0.55 1.48 1615959984572
train -1 0.11 0.22 0.33 0.44 0.55 1.49 1615959989572
train -1 0.11 0.22 0.33 0.44 0.55 1.5 1615959994572
train -1 0.11 0.22 0.33 0.44 0.55 1.51 1615959999572
train -1 0.11 0.22 0.33 0.44 0.55 1.52 1615960004572
train -1 0.11 0.22 0.33 0.44 0.55 1.53 1615960009572
train -1 0.11 0.22 0.33 0.44 0.55 1.54 1615960014572
train -1 0.11 0.22 0.33 0.44 0.55 1.55 1615960019572
train -1 0.11 0.22 0.33 0.44 0.55 1.56 1615960024572
train -1 0.11 0.22 0.33 0.44 0.55 1.57 1615960029572
infer 1 0.11 0.22 0.33 0.44 0.55 0 1615960029572
infer 1 0.11 0.22 0.33 0.44 0.55 0.01 1615960034572
infer 1 0.11 0.22 0.33 0.44 0.55 0.02 1615960039572
infer 1 0.11 0.22 0.33 0.44 0.55 0.03 1615960044572
infer 1 0.11 0.22 0.33 0.44 0.55 0.04 1615960049572
infer 1 0.11 0.22 0.33 0.44 0.55 0.05 1615960054572
infer 1 0.11 0.22 0.33 0.44 0.55 0.06 1615960059572
infer 1 0.11 0.22 0.33 0.44 0.55 0.07 1615960064572
infer 1 0.11 0.22 0.33 0.44 0.55 0.08 1615960069572
infer 1 0.11 0.22 0.33 0.44 0.55 0.09 1615960074572
infer 1 0.11 0.22 0.33 0.44 0.55 0.1 1615960079572
infer 1 0.11 0.22 0.33 0.44 0.55 0.11 1615960084572
infer 1 0.11 0.22 0.33 0.44 0.55 0.12 1615960089572
infer 1 0.11 0.22 0.33 0.44 0.55 0.13 1615960094572
infer 1 0.11 0.22 0.33 0.44 0.55 0.14 1615960099572
infer 1 0.11 0.22 0.33 0.44 0.55 0.15 1615960104572
infer 1 0.11 0.22 0.33 0.44 0.55 0.16 1615960109572
infer 1 0.11 0.22 0.33 0.44 0.55 0.17 1615960114572
infer 1 0.11 0.22 0.33 0.44 0.55 0.18 1615960119572
infer 1 0.11 0.22 0.33 0.44 0.55 0.19 1615960124572
infer 1 0.11 0.22 0.33 0.44 0.55 0.2 1615960129572
infer 1 0.11 0.22 0.33 0.44 0.55 0.21 1615960134572
infer 1 0.11 0.22 0.33 0.44 0.55 0.22 1615960139572
infer 1 0.11 0.22 0.33 0.44 0.55 0.23 1615960144572
infer 1 0.11 0.22 0.33 0.44 0.55 0.24 1615960149572
infer 1 0.11 0.22 0.33 0.44 0.55 0.25 1615960154572
infer 1 0.11 0.22 0.33 0.44 0.55 0.26 1615960159572
infer 1 0.11 0.22 0.33 0.44 0.55 0.27 1615960164572
infer 1 0.11 0.22 0.33 0.44 0.55 0.28 1615960169572
infer 1 0.11 0.22 0.33 0.44 0.55 0.29 1615960174572
infer 1 0.11 0.22 0.33 0.44 0.55 0.3 1615960179572
infer 1 0.11 0.22 0.33 0.44 0.55 0.31 1615960184572
infer 1 0.11 0.22 0.33 0.44 0.55 0.32 1615960189572
infer 1 0.11 0.22 0.33 0.44 0.55 0.33 1615960194572
infer 1 0.11 0.22 0.33 0.44 0.55 0.34 1615960199572
infer 1 0.11 0.22 0.33 0.44 0.55 0.35 1615960204572
infer 1 0.11 0.22 0.33 0.44 0.55 0.36 1615960209572
infer 1 0.11 0.22 0.33 0.44 0.55 0.37 1615960214572
infer 1 0.11 0.22 0.33 0.44 0.55 0.38 1615960219572
infer 1 0.11 0.22 0.33 0.44 0.55 0.39 1615960224572
infer 1 0.11 0.22 0.33 0.44 0.55 0.4 1615960229572
infer 1 0.11 0.22 0.33 0.44 0.55 0.41 1615960234572
infer 1 0.11 0.22 0.33 0.44 0.55 0.42 1615960239572
infer 1 0.11 0.22 0.33 0.44 0.55 0.43 1615960244572
infer 1 0.11 0.22 0.33 0.44 0.55 0.44 1615960249572
infer 1 0.11 0.22 0.33 0.44 0.55 0.45 1615960254572
infer 1 0.11 0.22 0.33 0.44 0.55 0.46 1615960259572
infer 1 0.11 0.22 0.33 0.44 0.55 0.47 1615960264572
infer 1 0.11 0.22 0.33 0.44 0.55 0.48 1615960269572
infer 1 0.11 0.22 0.33 0.44 0.55 0.49 1615960274572
infer 1 0.11 0.22 0.33 0.44 0.55 0.5 1615960279572
infer 1 0.11 0.22 0.33 0.44 0.55 0.51 1615960284572
infer 1 0.11 0.22 0.33 0.44 0.55 0.52 1615960289572
infer 1 0.11 0.22 0.33 0.44 0.55 0.53 1615960294572
infer 1 0.11 0.22 0.33 0.44 0.55 0.54 1615960299572
infer 1 0.11 0.22 0.33 0.44 0.55 0.55 1615960304572
infer 1 0.11 0.22 0.33 0.44 0.55 0.56 1615960309572
infer 1 0.11 0.22 0.33 0.44 0.55 0.57 1615960314572
infer 1 0.11 0.22 0.33 0.44 0.55 0.58 1615960319572
infer 1 0.11 0.22 0.33 0.44 0.55 0.59 1615960324572
infer 1 0.11 0.22 0.33 0.44 0.55 0.6 1615960329572
infer 1 0.11 0.22 0.33 0.44 0.55 0.61 1615960334572
infer 1 0.11 0.22 0.33 0.44 0.55 0.62 1615960339572
infer 1 0.11 0.22 0.33 0.44 0.55 0.63 1615960344572
infer 1 0.11 0.22 0.33 0.44 0.55 0.64 1615960349572
infer 1 0.11 0.22 0.33 0.44 0.55 0.65 1615960354572
infer 1 0.11 0.22 0.33 0.44 0.55 0.66 1615960359572
infer 1 0.11 0.22 0.33 0.44 0.55 0.67 1615960364572
infer 1 0.11 0.22 0.33 0.44 0.55 0.68 1615960369572
infer 1 0.11 0.22 0.33 0.44 0.55 0.69 1615960374572
infer 1 0.11 0.22 0.33 0.44 0.55 0.7 1615960379572
infer 1 0.11 0.22 0.33 0.44 0.55 0.71 1615960384572
infer 1 0.11 0.22 0.33 0.44 0.55 0.72 1615960389572
infer 1 0.11 0.22 0.33 0.44 0.55 0.73 1615960394572
infer 1 0.11 0.22 0.33 0.44 0.55 0.74 1615960399572
infer 1 0.11 0.22 0.33 0.44 0.55 0.75 1615960404572
infer 1 0.11 0.22 0.33 0.44 0.55 0.76 1615960409572
infer 1 0.11 0.22 0.33 0.44 0.55 0.77 1615960414572
infer 1 0.11 0.22 0.33 0.44 0.55 0.78 1615960419572
infer 1 0.11 0.22 0.33 0.44 0.55 0.79 1615960424572
infer 1 0.11 0.22 0.33 0.44 0.55 0.8 1615960429572
infer 1 0.11 0.22 0.33 0.44 0.55 0.81 1615960434572
infer 1 0.11 0.22 0.33 0.44 0.55 0.82 1615960439572
infer 1 0.11 0.22 0.33 0.44 0.55 0.83 1615960444572
infer 1 0.11 0.22 0.33 0.44 0.55 0.84 1615960449572
infer 1 0.11 0.22 0.33 0.44 0.55 0.85 1615960454572
infer 1 0.11 0.22 0.33 0.44 0.55 0.86 1615960459572
infer 1 0.11 0.22 0.33 0.44 0.55 0.87 1615960464572
infer 1 0.11 0.22 0.33 0.44 0.55 0.88 1615960469572
infer 1 0.11 0.22 0.33 0.44 0.55 0.89 1615960474572
infer 1 0.11 0.22 0.33 0.44 0.55 0.9 1615960479572
infer 1 0.11 0.22 0.33 0.44 0.55 0.91 1615960484572
infer 1 0.11 0.22 0.33 0.44 0.55 0.92 1615960489572
infer 1 0.11 0.22 0.33 0.44 0.55 0.93 1615960494572
infer 1 0.11 0.22 0.33 0.44 0.55 0.94 1615960499572
infer 1 0.11 0.22 0.33 0.44 0.55 0.95 1615960504572
infer 1 0.11 0.22 0.33 0.44 0.55 0.96 1615960509572
infer 1 0.11 0.22 0.33 0.44 0.55 0.97 1615960514572
infer 1 0.11 0.22 0.33 0.44 0.55 0.98 1615960519572
infer 1 0.11 0.22 0.33 0.44 0.55 0.99 1615960524572
infer 1 0.11 0.22 0.33 0.44 0.55 1.0 1615960529572
infer 1 0.11 0.22 0.33 0.44 0.55 1.01 1615960534572
infer 1 0.11 0.22 0.33 0.44 0.55 1.02 1615960539572
infer 1 0.11 0.22 0.33 0.44 0.55 1.03 1615960544572
infer 1 0.11 0.22 0.33 0.44 0.55 1.04 1615960549572
infer -1 0.11 0.22 0.33 0.44 0.55 1.05 1615960554572
infer -1 0.11 0.22 0.33 0.44 0.55 1.06 1615960559572
infer -1 0.11 0.22 0.33 0.44 0.55 1.07 1615960564572
infer -1 0.11 0.22 0.33 0.44 0.55 1.08 1615960569572
infer -1 0.11 0.22 0.33 0.44 0.55 1.09 1615960574572
infer -1 0.11 0.22 0.33 0.44 0.55 1.1 1615960579572
infer -1 0.11 0.22 0.33 0.44 0.55 1.11 1615960584572
infer -1 0.11 0.22 0.33 0.44 0.55 1.12 1615960589572
infer -1 0.11 0.22 0.33 0.44 0.55 1.13 1615960594572
infer -1 0.11 0.22 0.33 0.44 0.55 1.14 1615960599572
infer -1 0.11 0.22 0.33 0.44 0.55 1.15 1615960604572
infer -1 0.11 0.22 0.33 0.44 0.55 1.16 1615960609572
infer -1 0.11 0.22 0.33 0.44 0.55 1.17 1615960614572
infer -1 0.11 0.22 0.33 0.44 0.55 1.18 1615960619572
infer -1 0.11 0.22 0.33 0.44 0.55 1.19 1615960624572
infer -1 0.11 0.22 0.33 0.44 0.55 1.2 1615960629572
infer -1 0.11 0.22 0.33 0.44 0.55 1.21 1615960634572
infer -1 0.11 0.22 0.33 0.44 0.55 1.22 1615960639572
infer -1 0.11 0.22 0.33 0.44 0.55 1.23 1615960644572
infer -1 0.11 0.22 0.33 0.44 0.55 1.24 1615960649572
infer -1 0.11 0.22 0.33 0.44 0.55 1.25 1615960654572
infer -1 0.11 0.22 0.33 0.44 0.55 1.26 1615960659572
infer -1 0.11 0.22 0.33 0.44 0.55 1.27 1615960664572
infer -1 0.11 0.22 0.33 0.44 0.55 1.28 1615960669572
infer -1 0.11 0.22 0.33 0.44 0.55 1.29 1615960674572
infer -1 0.11 0.22 0.33 0.44 0.55 1.3 1615960679572
infer -1 0.11 0.22 0.33 0.44 0.55 1.31 1615960684572
infer -1 0.11 0.22 0.33 0.44 0.55 1.32 1615960689572
infer -1 0.11 0.22 0.33 0.44 0.55 1.33 1615960694572
infer -1 0.11 0.22 0.33 0.44 0.55 1.34 1615960699572
infer -1 0.11 0.22 0.33 0.44 0.55 1.35 1615960704572
infer -1 0.11 0.22 0.33 0.44 0.55 1.36 1615960709572
infer -1 0.11 0.22 0.33 0.44 0.55 1.37 1615960714572
infer -1 0.11 0.22 0.33 0.44 0.55 1.38 1615960719572
infer -1 0.11 0.22 0.33 0.44 0.55 1.39 1615960724572
infer -1 0.11 0.22 0.33 0.44 0.55 1.4 1615960729572
infer -1 0.11 0.22 0.33 0.44 0.55 1.41 1615960734572
infer -1 0.11 0.22 0.33 0.44 0.55 1.42 1615960739572
infer -1 0.11 0.22 0.33 0.44 0.55 1.43 1615960744572
infer -1 0.11 0.22 0.33 0.44 0.55 1.44 1615960749572
infer -1 0.11 0.22 0.33 0.44 0.55 1.45 1615960754572
infer -1 0.11 0.22 0.33 0.44 0.55 1.46 1615960759572
infer -1 0.11 0.22 0.33 0.44 0.55 1.47 1615960764572
infer -1 0.11 0.22 0.33 0.44 0.55 1.48 1615960769572
infer -1 0.11 0.22 0.33 0.44 0.55 1.49 1615960774572
infer -1 0.11 0.22 0.33 0.44 0.55 1.5 1615960779572
infer -1 0.11 0.22 0.33 0.44 0.55 1.51 1615960784572
infer -1 0.11 0.22 0.33 0.44 0.55 1.52 1615960789572
infer -1 0.11 0.22 0.33 0.44 0.55 1.53 1615960794572
infer -1 0.11 0.22 0.33 0.44 0.55 1.54 1615960799572
infer -1 0.11 0.22 0.33 0.44 0.55 1.55 1615960804572
infer -1 0.11 0.22 0.33 0.44 0.55 1.56 1615960809572
infer -1 0.11 0.22 0.33 0.44 0.55 1.57 1615960814572
