train 1 0.11 0.22 0.33 0.44 0.55 0 1615959594574
train 1 0.11 0.22 0.33 0.44 0.55 0.01 1615959599574
train 1 0.11 0.22 0.33 0.44 0.55 0.02 1615959604574
train 1 0.11 0.22 0.33 0.44 0.55 0.03 1615959609574
train 1 0.11 0.22 0.33 0.44 0.55 0.04 1615959614574
train 1 0.11 0.22 0.33 0.44 0.55 0.05 1615959619574
train 1 0.11 0.22 0.33 0.44 0.55 0.06 1615959624574
train 1 0.11 0.22 0.33 0.44 0.55 0.07 1615959629574
train 1 0.11 0.22 0.33 0.44 0.55 0.08 1615959634574
train 1 0.11 0.22 0.33 0.44 0.55 0.09 1615959639574
train 1 0.11 0.22 0.33 0.44 0.55 0.1 1615959644574
train 1 0.11 0.22 0.33 0.44 0.55 0.11 1615959649574
train 1 0.11 0.22 0.33 0.44 0.55 0.12 1615959654574
train 1 0.11 0.22 0.33 0.44 0.55 0.13 1615959659574
train 1 0.11 0.22 0.33 0.44 0.55 0.14 1615959664574
train 1 0.11 0.22 0.33 0.44 0.55 0.15 1615959669574
train 1 0.11 0.22 0.33 0.44 0.55 0.16 1615959674574
train 1 0.11 0.22 0.33 0.44 0.55 0.17 1615959679574
train 1 0.11 0.22 0.33 0.44 0.55 0.18 1615959684574
train 1 0.11 0.22 0.33 0.44 0.55 0.19 1615959689574
train 1 0.11 0.22 0.33 0.44 0.55 0.2 1615959694574
train 1 0.11 0.22 0.33 0.44 0.55 0.21 1615959699574
train 1 0.11 0.22 0.33 0.44 0.55 0.22 1615959704574
train 1 0.11 0.22 0.33 0.44 0.55 0.23 1615959709574
train 1 0.11 0.22 0.33 0.44 0.55 0.24 1615959714574
train 1 0.11 0.22 0.33 0.44 0.55 0.25 1615959719574
train 1 0.11 0.22 0.33 0.44 0.55 0.26 1615959724574
train 1 0.11 0.22 0.33 0.44 0.55 0.27 1615959729574
train 1 0.11 0.22 0.33 0.44 0.55 0.28 1615959734574
train 1 0.11 0.22 0.33 0.44 0.55 0.29 1615959739574
train 1 0.11 0.22 0.33 0.44 0.55 0.3 1615959744574
train 1 0.11 0.22 0.33 0.44 0.55 0.31 1615959749574
train 1 0.11 0.22 0.33 0.44 0.55 0.32 1615959754574
train 1 0.11 0.22 0.33 0.44 0.55 0.33 1615959759574
train 1 0.11 0.22 0.33 0.44 0.55 0.34 1615959764574
train 1 0.11 0.22 0.33 0.44 0.55 0.35 1615959769574
train 1 0.11 0.22 0.33 0.44 0.55 0.36 1615959774574
train 1 0.11 0.22 0.33 0.44 0.55 0.37 1615959779574
train 1 0.11 0.22 0.33 0.44 0.55 0.38 1615959784574
train 1 0.11 0.22 0.33 0.44 0.55 0.39 1615959789574
train 1 0.11 0.22 0.33 0.44 0.55 0.4 1615959794574
train 1 0.11 0.22 0.33 0.44 0.55 0.41 1615959799574
train 1 0.11 0.22 0.33 0.44 0.55 0.42 1615959804574
train 1 0.11 0.22 0.33 0.44 0.55 0.43 1615959809574
train 1 0.11 0.22 0.33 0.44 0.55 0.44 1615959814574
train 1 0.11 0.22 0.33 0.44 0.55 0.45 1615959819574
train 1 0.11 0.22 0.33 0.44 0.55 0.46 1615959824574
train 1 0.11 0.22 0.33 0.44 0.55 0.47 1615959829574
train 1 0.11 0.22 0.33 0.44 0.55 0.48 1615959834574
train 1 0.11 0.22 0.33 0.44 0.55 0.49 1615959839574
train 1 0.11 0.22 0.33 0.44 0.55 0.5 1615959844574
train 1 0.11 0.22 0.33 0.44 0.55 0.51 1615959849574
train 1 0.11 0.22 0.33 0.44 0.55 0.52 1615959854574
train 1 0.11 0.22 0.33 0.44 0.55 0.53 1615959859574
train 1 0.11 0.22 0.33 0.44 0.55 0.54 1615959864574
train 1 0.11 0.22 0.33 0.44 0.55 0.55 1615959869574
train 1 0.11 0.22 0.33 0.44 0.55 0.56 1615959874574
train 1 0.11 0.22 0.33 0.44 0.55 0.57 1615959879574
train 1 0.11 0.22 0.33 0.44 0.55 0.58 1615959884574
train 1 0.11 0.22 0.33 0.44 0.55 0.59 1615959889574
train 1 0.11 0.22 0.33 0.44 0.55 0.6 1615959894574
train 1 0.11 0.22 0.33 0.44 0.55 0.61 1615959899574
train 1 0.11 0.22 0.33 0.44 0.55 0.62 1615959904574
train 1 0.11 0.22 0.33 0.44 0.55 0.63 1615959909574
train 1 0.11 0.22 0.33 0.44 0.55 0.64 1615959914574
train 1 0.11 0.22 0.33 0.44 0.55 0.65 1615959919574
train 1 0.11 0.22 0.33 0.44 0.55 0.66 1615959924574
train 1 0.11 0.22 0.33 0.44 0.55 0.67 1615959929574
train 1 0.11 0.22 0.33 0.44 0.55 0.68 1615959934574
train 1 0.11 0.22 0.33 0.44 0.55 0.69 1615959939574
train 1 0.11 0.22 0.33 0.44 0.55 0.7 1615959944574
train 1 0.11 0.22 0.33 0.44 0.55 0.71 1615959949574
train 1 0.11 0.22 0.33 0.44 0.55 0.72 1615959954574
train 1 0.11 0.22 0.33 0.44 0.55 0.73 1615959959574
train 1 0.11 0.22 0.33 0.44 0.55 0.74 1615959964574
train 1 0.11 0.22 0.33 0.44 0.55 0.75 1615959969574
train 1 0.11 0.22 0.33 0.44 0.55 0.76 1615959974574
train 1 0.11 0.22 0.33 0.44 0.55 0.77 1615959979574
train 1 0.11 0.22 0.33 0.44 0.55 0.78 1615959984574
train 1 0.11 0.22 0.33 0.44 0.55 0.79 1615959989574
train 1 0.11 0.22 0.33 0.44 0.55 0.8 1615959994574
train 1 0.11 0.22 0.33 0.44 0.55 0.81 1615959999574
train 1 0.11 0.22 0.33 0.44 0.55 0.82 1615960004574
train 1 0.11 0.22 0.33 0.44 0.55 0.83 1615960009574
train 1 0.11 0.22 0.33 0.44 0.55 0.84 1615960014574
train 1 0.11 0.22 0.33 0.44 0.55 0.85 1615960019574
train 1 0.11 0.22 0.33 0.44 0.55 0.86 1615960024574
train 1 0.11 0.22 0.33 0.44 0.55 0.87 1615960029574
train 1 0.11 0.22 0.33 0.44 0.55 0.88 1615960034574
train 1 0.11 0.22 0.33 0.44 0.55 0.89 1615960039574
train 1 0.11 0.22 0.33 0.44 0.55 0.9 1615960044574
train 1 0.11 0.22 0.33 0.44 0.55 0.91 1615960049574
train 1 0.11 0.22 0.33 0.44 0.55 0.92 1615960054574
train 1 0.11 0.22 0.33 0.44 0.55 0.93 1615960059574
train 1 0.11 0.22 0.33 0.44 0.55 0.94 1615960064574
train 1 0.11 0.22 0.33 0.44 0.55 0.95 1615960069574
train 1 0.11 0.22 0.33 0.44 0.55 0.96 1615960074574
train 1 0.11 0.22 0.33 0.44 0.55 0.97 1615960079574
train 1 0.11 0.22 0.33 0.44 0.55 0.98 1615960084574
train 1 0.11 0.22 0.33 0.44 0.55 0.99 1615960089574
train 1 0.11 0.22 0.33 0.44 0.55 1.0 1615960094574
train 1 0.11 0.22 0.33 0.44 0.55 1.01 1615960099574
train 1 0.11 0.22 0.33 0.44 0.55 1.02 1615960104574
train 1 0.11 0.22 0.33 0.44 0.55 1.03 1615960109574
train 1 0.11 0.22 0.33 0.44 0.55 1.04 1615960114574
train -1 0.11 0.22 0.33 0.44 0.55 1.05 1615960119574
train -1 0.11 0.22 0.33 0.44 0.55 1.06 1615960124574
train -1 0.11 0.22 0.33 0.44 0.55 1.07 1615960129574
train -1 0.11 0.22 0.33 0.44 0.55 1.08 1615960134574
train -1 0.11 0.22 0.33 0.44 0.55 1.09 1615960139574
train -1 0.11 0.22 0.33 0.44 0.55 1.1 1615960144574
train -1 0.11 0.22 0.33 0.44 0.55 1.11 1615960149574
train -1 0.11 0.22 0.33 0.44 0.55 1.12 1615960154574
train -1 0.11 0.22 0.33 0.44 0.55 1.13 1615960159574
train -1 0.11 0.22 0.33 0.44 0.55 1.14 1615960164574
train -1 0.11 0.22 0.33 0.44 0.55 1.15 1615960169574
train -1 0.11 0.22 0.33 0.44 0.55 1.16 1615960174574
train -1 0.11 0.22 0.33 0.44 0.55 1.17 1615960179574
train -1 0.11 0.22 0.33 0.44 0.55 1.18 1615960184574
train -1 0.11 0.22 0.33 0.44 0.55 1.19 1615960189574
train -1 0.11 0.22 0.33 0.44 0.55 1.2 1615960194574
train -1 0.11 0.22 0.33 0.44 0.55 1.21 1615960199574
train -1 0.11 0.22 0.33 0.44 0.55 1.22 1615960204574
train -1 0.11 0.22 0.33 0.44 0.55 1.23 1615960209574
train -1 0.11 0.22 0.33 0.44 0.55 1.24 1615960214574
train -1 0.11 0.22 0.33 0.44 0.55 1.25 1615960219574
train -1 0.11 0.22 0.33 0.44 0.55 1.26 1615960224574
train -1 0.11 0.22 0.33 0.44 0.55 1.27 1615960229574
train -1 0.11 0.22 0.33 0.44 0.55 1.28 1615960234574
train -1 0.11 0.22 0.33 0.44 0.55 1.29 1615960239574
train -1 0.11 0.22 0.33 0.44 0.55 1.3 1615960244574
train -1 0.11 0.22 0.33 0.44 0.55 1.31 1615960249574
train -1 0.11 0.22 0.33 0.44 0.55 1.32 1615960254574
train -1 0.11 0.22 0.33 0.44 0.55 1.33 1615960259574
train -1 0.11 0.22 0.33 0.44 0.55 1.34 1615960264574
train -1 0.11 0.22 0.33 0.44 0.55 1.35 1615960269574
train -1 0.11 0.22 0.33 0.44 0.55 1.36 1615960274574
train -1 0.11 0.22 0.33 0.44 0.55 1.37 1615960279574
train -1 0.11 0.22 0.33 0.44 0.55 1.38 1615960284574
train -1 0.11 0.22 0.33 0.44 0.55 1.39 1615960289574
train -1 0.11 0.22 0.33 0.44 0.55 1.4 1615960294574
train -1 0.11 0.22 0.33 0.44 0.55 1.41 1615960299574
train -1 0.11 0.22 0.33 0.44 0.55 1.42 1615960304574
train -1 0.11 0.22 0.33 0.44 0.55 1.43 1615960309574
train -1 0.11 0.22 0.33 0.44 0.55 1.44 1615960314574
train -1 0.11 0.22 0.33 0.44 0.55 1.45 1615960319574
train -1 0.11 0.22 0.33 0.44 0.55 1.46 1615960324574
train -1 0.11 0.22 0.33 0.44 0.55 1.47 1615960329574
train -1 0.11 0.22 0.33 0.44 0.55 1.48 1615960334574
train -1 0.11 0.22 0.33 0.44 0.55 1.49 1615960339574
train -1 0.11 0.22 0.33 0.44 0.55 1.5 1615960344574
train -1 0.11 0.22 0.33 0.44 0.55 1.51 1615960349574
train -1 0.11 0.22 0.33 0.44 0.55 1.52 1615960354574
train -1 0.11 0.22 0.33 0.44 0.55 1.53 1615960359574
train -1 0.11 0.22 0.33 0.44 0.55 1.54 1615960364574
train -1 0.11 0.22 0.33 0.44 0.55 1.55 1615960369574
train -1 0.11 0.22 0.33 0.44 0.55 1.56 1615960374574
train -1 0.11 0.22 0.33 0.44 0.55 1.57 1615960379574
infer 1 0.11 0.22 0.33 0.44 0.55 0 1615960379574
infer 1 0.11 0.22 0.33 0.44 0.55 0.01 1615960384574
infer 1 0.11 0.22 0.33 0.44 0.55 0.02 1615960389574
infer 1 0.11 0.22 0.33 0.44 0.55 0.03 1615960394574
infer 1 0.11 0.22 0.33 0.44 0.55 0.04 1615960399574
infer 1 0.11 0.22 0.33 0.44 0.55 0.05 1615960404574
infer 1 0.11 0.22 0.33 0.44 0.55 0.06 1615960409574
infer 1 0.11 0.22 0.33 0.44 0.55 0.07 1615960414574
infer 1 0.11 0.22 0.33 0.44 0.55 0.08 1615960419574
infer 1 0.11 0.22 0.33 0.44 0.55 0.09 1615960424574
infer 1 0.11 0.22 0.33 0.44 0.55 0.1 1615960429574
infer 1 0.11 0.22 0.33 0.44 0.55 0.11 1615960434574
infer 1 0.11 0.22 0.33 0.44 0.55 0.12 1615960439574
infer 1 0.11 0.22 0.33 0.44 0.55 0.13 1615960444574
infer 1 0.11 0.22 0.33 0.44 0.55 0.14 1615960449574
infer 1 0.11 0.22 0.33 0.44 0.55 0.15 1615960454574
infer 1 0.11 0.22 0.33 0.44 0.55 0.16 1615960459574
infer 1 0.11 0.22 0.33 0.44 0.55 0.17 1615960464574
infer 1 0.11 0.22 0.33 0.44 0.55 0.18 1615960469574
infer 1 0.11 0.22 0.33 0.44 0.55 0.19 1615960474574
infer 1 0.11 0.22 0.33 0.44 0.55 0.2 1615960479574
infer 1 0.11 0.22 0.33 0.44 0.55 0.21 1615960484574
infer 1 0.11 0.22 0.33 0.44 0.55 0.22 1615960489574
infer 1 0.11 0.22 0.33 0.44 0.55 0.23 1615960494574
infer 1 0.11 0.22 0.33 0.44 0.55 0.24 1615960499574
infer 1 0.11 0.22 0.33 0.44 0.55 0.25 1615960504574
infer 1 0.11 0.22 0.33 0.44 0.55 0.26 1615960509574
infer 1 0.11 0.22 0.33 0.44 0.55 0.27 1615960514574
infer 1 0.11 0.22 0.33 0.44 0.55 0.28 1615960519574
infer 1 0.11 0.22 0.33 0.44 0.55 0.29 1615960524574
infer 1 0.11 0.22 0.33 0.44 0.55 0.3 1615960529574
infer 1 0.11 0.22 0.33 0.44 0.55 0.31 1615960534574
infer 1 0.11 0.22 0.33 0.44 0.55 0.32 1615960539574
infer 1 0.11 0.22 0.33 0.44 0.55 0.33 1615960544574
infer 1 0.11 0.22 0.33 0.44 0.55 0.34 1615960549574
infer 1 0.11 0.22 0.33 0.44 0.55 0.35 1615960554574
infer 1 0.11 0.22 0.33 0.44 0.55 0.36 1615960559574
infer 1 0.11 0.22 0.33 0.44 0.55 0.37 1615960564574
infer 1 0.11 0.22 0.33 0.44 0.55 0.38 1615960569574
infer 1 0.11 0.22 0.33 0.44 0.55 0.39 1615960574574
infer 1 0.11 0.22 0.33 0.44 0.55 0.4 1615960579574
infer 1 0.11 0.22 0.33 0.44 0.55 0.41 1615960584574
infer 1 0.11 0.22 0.33 0.44 0.55 0.42 1615960589574
infer 1 0.11 0.22 0.33 0.44 0.55 0.43 1615960594574
infer 1 0.11 0.22 0.33 0.44 0.55 0.44 1615960599574
infer 1 0.11 0.22 0.33 0.44 0.55 0.45 1615960604574
infer 1 0.11 0.22 0.33 0.44 0.55 0.46 1615960609574
infer 1 0.11 0.22 0.33 0.44 0.55 0.47 1615960614574
infer 1 0.11 0.22 0.33 0.44 0.55 0.48 1615960619574
infer 1 0.11 0.22 0.33 0.44 0.55 0.49 1615960624574
infer 1 0.11 0.22 0.33 0.44 0.55 0.5 1615960629574
infer 1 0.11 0.22 0.33 0.44 0.55 0.51 1615960634574
infer 1 0.11 0.22 0.33 0.44 0.55 0.52 1615960639574
infer 1 0.11 0.22 0.33 0.44 0.55 0.53 1615960644574
infer 1 0.11 0.22 0.33 0.44 0.55 0.54 1615960649574
infer 1 0.11 0.22 0.33 0.44 0.55 0.55 1615960654574
infer 1 0.11 0.22 0.33 0.44 0.55 0.56 1615960659574
infer 1 0.11 0.22 0.33 0.44 0.55 0.57 1615960664574
infer 1 0.11 0.22 0.33 0.44 0.55 0.58 1615960669574
infer 1 0.11 0.22 0.33 0.44 0.55 0.59 1615960674574
infer 1 0.11 0.22 0.33 0.44 0.55 0.6 1615960679574
infer 1 0.11 0.22 0.33 0.44 0.55 0.61 1615960684574
infer 1 0.11 0.22 0.33 0.44 0.55 0.62 1615960689574
infer 1 0.11 0.22 0.33 0.44 0.55 0.63 1615960694574
infer 1 0.11 0.22 0.33 0.44 0.55 0.64 1615960699574
infer 1 0.11 0.22 0.33 0.44 0.55 0.65 1615960704574
infer 1 0.11 0.22 0.33 0.44 0.55 0.66 1615960709574
infer 1 0.11 0.22 0.33 0.44 0.55 0.67 1615960714574
infer 1 0.11 0.22 0.33 0.44 0.55 0.68 1615960719574
infer 1 0.11 0.22 0.33 0.44 0.55 0.69 1615960724574
infer 1 0.11 0.22 0.33 0.44 0.55 0.7 1615960729574
infer 1 0.11 0.22 0.33 0.44 0.55 0.71 1615960734574
infer 1 0.11 0.22 0.33 0.44 0.55 0.72 1615960739574
infer 1 0.11 0.22 0.33 0.44 0.55 0.73 1615960744574
infer 1 0.11 0.22 0.33 0.44 0.55 0.74 1615960749574
infer 1 0.11 0.22 0.33 0.44 0.55 0.75 1615960754574
infer 1 0.11 0.22 0.33 0.44 0.55 0.76 1615960759574
infer 1 0.11 0.22 0.33 0.44 0.55 0.77 1615960764574
infer 1 0.11 0.22 0.33 0.44 0.55 0.78 1615960769574
infer 1 0.11 0.22 0.33 0.44 0.55 0.79 1615960774574
infer 1 0.11 0.22 0.33 0.44 0.55 0.8 1615960779574
infer 1 0.11 0.22 0.33 0.44 0.55 0.81 1615960784574
infer 1 0.11 0.22 0.33 0.44 0.55 0.82 1615960789574
infer 1 0.11 0.22 0.33 0.44 0.55 0.83 1615960794574
infer 1 0.11 0.22 0.33 0.44 0.55 0.84 1615960799574
infer 1 0.11 0.22 0.33 0.44 0.55 0.85 1615960804574
infer 1 0.11 0.22 0.33 0.44 0.55 0.86 1615960809574
infer 1 0.11 0.22 0.33 0.44 0.55 0.87 1615960814574
infer 1 0.11 0.22 0.33 0.44 0.55 0.88 1615960819574
infer 1 0.11 0.22 0.33 0.44 0.55 0.89 1615960824574
infer 1 0.11 0.22 0.33 0.44 0.55 0.9 1615960829574
infer 1 0.11 0.22 0.33 0.44 0.55 0.91 1615960834574
infer 1 0.11 0.22 0.33 0.44 0.55 0.92 1615960839574
infer 1 0.11 0.22 0.33 0.44 0.55 0.93 1615960844574
infer 1 0.11 0.22 0.33 0.44 0.55 0.94 1615960849574
infer 1 0.11 0.22 0.33 0.44 0.55 0.95 1615960854574
infer 1 0.11 0.22 0.33 0.44 0.55 0.96 1615960859574
infer 1 0.11 0.22 0.33 0.44 0.55 0.97 1615960864574
infer 1 0.11 0.22 0.33 0.44 0.55 0.98 1615960869574
infer 1 0.11 0.22 0.33 0.44 0.55 0.99 1615960874574
infer 1 0.11 0.22 0.33 0.44 0.55 1.0 1615960879574
infer 1 0.11 0.22 0.33 0.44 0.55 1.01 1615960884574
infer 1 0.11 0.22 0.33 0.44 0.55 1.02 1615960889574
infer 1 0.11 0.22 0.33 0.44 0.55 1.03 1615960894574
infer 1 0.11 0.22 0.33 0.44 0.55 1.04 1615960899574
infer -1 0.11 0.22 0.33 0.44 0.55 1.05 1615960904574
infer -1 0.11 0.22 0.33 0.44 0.55 1.06 1615960909574
infer -1 0.11 0.22 0.33 0.44 0.55 1.07 1615960914574
infer -1 0.11 0.22 0.33 0.44 0.55 1.08 1615960919574
infer -1 0.11 0.22 0.33 0.44 0.55 1.09 1615960924574
infer -1 0.11 0.22 0.33 0.44 0.55 1.1 1615960929574
infer -1 0.11 0.22 0.33 0.44 0.55 1.11 1615960934574
infer -1 0.11 0.22 0.33 0.44 0.55 1.12 1615960939574
infer -1 0.11 0.22 0.33 0.44 0.55 1.13 1615960944574
infer -1 0.11 0.22 0.33 0.44 0.55 1.14 1615960949574
infer -1 0.11 0.22 0.33 0.44 0.55 1.15 1615960954574
infer -1 0.11 0.22 0.33 0.44 0.55 1.16 1615960959574
infer -1 0.11 0.22 0.33 0.44 0.55 1.17 1615960964574
infer -1 0.11 0.22 0.33 0.44 0.55 1.18 1615960969574
infer -1 0.11 0.22 0.33 0.44 0.55 1.19 1615960974574
infer -1 0.11 0.22 0.33 0.44 0.55 1.2 1615960979574
infer -1 0.11 0.22 0.33 0.44 0.55 1.21 1615960984574
infer -1 0.11 0.22 0.33 0.44 0.55 1.22 1615960989574
infer -1 0.11 0.22 0.33 0.44 0.55 1.23 1615960994574
infer -1 0.11 0.22 0.33 0.44 0.55 1.24 1615960999574
infer -1 0.11 0.22 0.33 0.44 0.55 1.25 1615961004574
infer -1 0.11 0.22 0.33 0.44 0.55 1.26 1615961009574
infer -1 0.11 0.22 0.33 0.44 0.55 1.27 1615961014574
infer -1 0.11 0.22 0.33 0.44 0.55 1.28 1615961019574
infer -1 0.11 0.22 0.33 0.44 0.55 1.29 1615961024574
infer -1 0.11 0.22 0.33 0.44 0.55 1.3 1615961029574
infer -1 0.11 0.22 0.33 0.44 0.55 1.31 1615961034574
infer -1 0.11 0.22 0.33 0.44 0.55 1.32 1615961039574
infer -1 0.11 0.22 0.33 0.44 0.55 1.33 1615961044574
infer -1 0.11 0.22 0.33 0.44 0.55 1.34 1615961049574
infer -1 0.11 0.22 0.33 0.44 0.55 1.35 1615961054574
infer -1 0.11 0.22 0.33 0.44 0.55 1.36 1615961059574
infer -1 0.11 0.22 0.33 0.44 0.55 1.37 1615961064574
infer -1 0.11 0.22 0.33 0.44 0.55 1.38 1615961069574
infer -1 0.11 0.22 0.33 0.44 0.55 1.39 1615961074574
infer -1 0.11 0.22 0.33 0.44 0.55 1.4 1615961079574
infer -1 0.11 0.22 0.33 0.44 0.55 1.41 1615961084574
infer -1 0.11 0.22 0.33 0.44 0.55 1.42 1615961089574
infer -1 0.11 0.22 0.33 0.44 0.55 1.43 1615961094574
infer -1 0.11 0.22 0.33 0.44 0.55 1.44 1615961099574
infer -1 0.11 0.22 0.33 0.44 0.55 1.45 1615961104574
infer -1 0.11 0.22 0.33 0.44 0.55 1.46 1615961109574
infer -1 0.11 0.22 0.33 0.44 0.55 1.47 1615961114574
infer -1 0.11 0.22 0.33 0.44 0.55 1.48 1615961119574
infer -1 0.11 0.22 0.33 0.44 0.55 1.49 1615961124574
infer -1 0.11 0.22 0.33 0.44 0.55 1.5 1615961129574
infer -1 0.11 0.22 0.33 0.44 0.55 1.51 1615961134574
infer -1 0.11 0.22 0.33 0.44 0.55 1.52 1615961139574
infer -1 0.11 0.22 0.33 0.44 0.55 1.53 1615961144574
infer -1 0.11 0.22 0.33 0.44 0.55 1.54 1615961149574
infer -1 0.11 0.22 0.33 0.44 0.55 1.55 1615961154574
infer -1 0.11 0.22 0.33 0.44 0.55 1.56 1615961159574
infer -1 0.11 0.22 0.33 0.44 0.55 1.57 1615961164574
